706
8443
1021
5610
6016
8530
8012
1550
6353
653
2829
794
8970
4892
9611
8207
8256
3506
9254
9718
8351
3408
887
6450
3258
5930
4683
5348
5389
1549
5196
812
565
3057
8709
9898
1410
7914
8835
7567
9940
5840
7396
5848
1085
7362
3412
7049
9408
8049
5096
9327
1660
9593
8321
574
9993
4917
7601
7512
7105
7389
6350
4970
8157
9447
3302
2282
5947
5384
7153
5003
1380
6
2126
7948
4333
7393
1867
3969
5162
7656
9527
1912
2710
3233
7577
9086
4230
6448
9438
3514
8519
373
6183
8637
1467
3652
4978
5411
3832
2770
137
8146
5769
6278
4526
56
809
9073
6429
5831
3982
1943
5035
1751
3183
1803
4297
4861
8901
2642
245
1921
9336
57
4489
7823
7473
8658
659
8313
3989
4480
5487
7335
3333
7155
3618
6841
797
9929
5658
452
9972
8164
9105
1076
4620
5723
5285
4885
9642
5441
2949
3801
2332
4790
5395
7470
7064
2611
177
8514
6197
4849
8207
8950
5230
8251
5584
5929
6315
6829
9170
8108
5837
5183
7451
9677
3753
6538
2023
5814
7677
8067
8467
2798
564
770
3704
6909
2083
9902
6082
1905
2820
1231
7582
1626
7603
4071
6632
4520
8843
1667
7270
45
7025
217
1015
3142
8686
6230
6918
2435
3558
170
9503
4769
9504
2000
7301
4694
9586
4066
795
7239
5660
4102
5154
1780
7519
8434
378
5878
8235
384
2696
4579
27
4537
5804
3191
7539
8331
4431
4447
5715
5394
5713
7014
3148
5881
7879
3023
4888
1488
7939
2881
6186
1045
872
3640
9713
8007
9882
5628
4582
6467
2661
8390
2174
5681
5048
2679
5356
3455
5492
618
7933
4268
2045
1822
5634
4504
4600
1774
2469
4194
2990
8111
6557
3752
3015
1215
2145
4205
106
1890
6292
7717
3731
703
9466
1917
9757
8353
7464
9990
4622
8806
948
4849
8654
7684
90
4647
4961
3223
2251
6655
8547
2838
5707
8598
789
6747
1894
2398
8387
3796
8573
453
5459
3585
2357
6365
4918
1962
6868
5508
9525
9983
8360
4444
4834
7028
5500
3313
8939
1100
1035
9508
9832
2324
4005
5489
311
3322
4028
393
496
2888
3386
5549
8388
2650
9292
4110
1686
5548
6163
8272
7434
9146
4948
7812
4667
666
3416
488
202
2852
9173
1443
4993
6169
2618
6398
2423
3711
3242
5282
1002
8460
3978
6604
5411
4495
8600
9280
5127
1511
9558
7134
8068
3375
1974
1409
7639
331
9034
7200
102
948
5990
5252
7446
9790
7507
4957
9578
5791
2126
9078
1587
9752
7123
9624
1027
777
5389
255
4789
7001
1631
148
1216
9143
9541
4886
1969
406
7831
7169
7423
2168
7922
243
8403
4938
4925
3402
6057
1974
6207
8747
3416
3324
2052
2882
6044
5900
2565
146
4430
3539
3928
1245
5533
4781
8864
3583
8669
4028
9148
3445
2024
3341
1927
7546
537
1975
4568
6065
2959
3101
5680
6958
7244
6287
6935
9582
4534
4043
8810
3424
3901
3027
6191
4446
4180
6421
9255
5527
6385
965
9193
9794
7883
3602
6885
6225
2760
9012
6623
1254
6163
7515
6128
145
9293
3837
4991
3244
5476
4632
7548
6071
4905
8474
1928
2318
6581
6710
5732
9693
5752
4014
147
536
9599
2396
8542
763
3247
7375
4258
9139
9921
1113
5377
7634
1041
187
5832
2448
2020
7998
708
9815
3820
3824
9093
9134
6265
2780
399
6817
1688
2598
6897
1789
9804
7279
6179
1736
5318
5227
9651
7021
7023
3821
2218
7048
5897
521
5504
5757
4611
5872
1242
2812
4394
7435
2548
2889
152
9832
745
75
131
2925
1756
4042
8181
8047
9107
2981
7310
8009
6389
7576
6062
816
5518
346
6421
1296
1162
5575
9685
2930
5305
9894
1494
2279
4233
8479
4084
9562
6660
7450
479
1050
5016
2766
8115
8769
5201
6009
4228
393
4017
7635
7245
8253
5843
8662
8297
2884
2665
7950
2120
3727
3252
7927
8834
9809
9356
346
6027
9095
2718
1214
2904
8604
7807
7968
5909
2317
3662
1715
1980
3922
8074
3654
2161
5665
3487
6383
397
6112
3558
5665
2859
2210
4053
5280
7297
1109
9131
2157
9232
6635
1733
6352
2902
5295
3320
9579
6839
8141
2016
4075
4152
9211
2629
7841
1747
8594
7054
6566
7971
5521
7643
7205
3267
1772
4119
4781
4227
1679
9560
5692
2094
3477
842
5378
5636
9285
8477
7572
4463
1849
2491
5927
8639
9755
4964
9283
320
7824
6755
2347
8764
2732
7800
4659
6744
9417
6149
6086
3653
8704
6632
2366
4343
7058
2826
6226
2804
1509
2945
781
8208
5753
1514
7453
8213
5933
1564
6392
1224
1257
904
6066
9506
3915
830
2723
644
4467
6249
2224
3821
4797
4785
6127
8150
8960
2121
6940
2681
5793
1946
6009
2318
2062
4661
9314
5956
7663
4560
3417
8324
5038
4282
7130
7911
4390
5005
1125
6417
4800
6862
8227
1130
9265
6902
3714
5659
8182
5250
5755
4991
9600
4608
9654
1508
2184
9241
5653
4436
8157
8324
7058
1800
657
9232
6045
8583
9879
1541
8441
7062
1633
5478
1813
4973
1812
1194
4398
4193
2702
5426
8355
5500
4921
1091
3904
7717
6655
9888
8428
7286
5150
3937
449
7250
8592
4990
9954
8834
4840
2347
9830
5098
9296
5673
4528
7120
5440
1591
7980
9650
2797
4217
2623
9935
6668
8496
3143
993
7004
558
7739
4083
3549
5269
9617
7106
7100
6461
9933
9230
5612
1573
8687
5128
6054
8984
4513
8996
1301
9508
269
5651
6850
663
2482
1286
5798
6424
262
7573
2696
6110
1799
1738
1402
1501
761
4357
4409
3872
8330
9624
3571
3107
3385
161
5282
4372
6086
4651
3057
8230
8077
6067
9304
1601
8223
4261
7352
1520
6447
6089
9173
2695
7902
4013
1862
9438
8540
3148
9198
9406
1976
7707
1147
961
1570
1634
5315
4245
6197
5099
7043
421
4135
5003
3423
8362
2370
9449
2222
6428
7716
509
5802
122
8670
9750
4326
7519
6958
2824
7353
5703
466
3498
477
3100
3219
8451
3637
9810
408
4784
8969
2712
6563
8169
5850
8309
7423
197
8398
5808
3587
7476
2782
3784
3685
7791
509
2140
5650
5306
2387
3066
472
5882
2933
5411
1998
7704
7539
9892
2271
1608
3250
4616
403
3892
7735
3847
6951
9236
9742
1834
3428
7793
5402
6138
7706
2546
6070
7951
3150
2627
3550
6213
8990
2903
8754
5770
3053
9473
8734
8147
3586
6057
5471
9421
4943
628
7218
515
9568
4085
4724
1347
3481
7448
8754
7517
3912
8768
5621
6888
8388
6612
3923
6235
4023
2921
3118
2148
6582
8771
2156
2519
4870
4647
3929
477
1984
7586
6915
3365
7276
6451
9980
1501
154
2137
7440
506
81
9726
2163
5326
8464
4814
7989
8254
6277
4156
3403
5531
6785
2612
6921
9257
1683
6398
9274
304
3775
8648
3681
5452
5200
6980
2966
6454
6392
5418
4939
2045
5894
7537
8520
6925
1600
1662
7638
9179
6844
1780
9244
7213
9448
4712
9836
3223
2565
9117
5001
4743
6835
1016
4414
9518
2696
9016
2420
9680
2864
2496
3308
4668
4673
6892
9046
443
8743
9042
6105
671
9511
162
9494
3927
5157
7119
6045
5050
2239
318
8534
5923
5731
6028
1580
3891
2414
452
8026
1371
1995
5434
2788
4561
4975
1886
7501
4201
199
1459
1270
2269
1732
1105
7256
4049
9153
3543
1376
1052
6009
4642
5420
3603
9233
5995
7469
9683
9945
5837
5179
4154
1734
8965
6038
3382
7378
3095
7209
6107
4419
4265
8254
7775
3833
3744
8496
2509
6803
71
5048
1913
5827
6731
2165
5323
4076
9658
7749
3562
8635
9570
9830
505
2542
6616
5214
9737
3948
5990
4699
2568
6313
5098
3113
3552
3769
9983
3194
4218
7811
7838
3336
2132
9463
2210
8757
239
36
577
1566
332
6877
3166
6729
5377
2935
399
6795
545
6946
9678
7593
3466
4952
9215
5847
7951
1190
9383
7274
6345
8629
4419
6572
8244
7327
9622
2662
3341
1548
126
533
7064
7371
1155
3235
3362
8359
5474
3054
4349
1552
1530
945
5096
1581
8496
5308
9553
8938
6167
7948
1201
5408
2698
3726
7973
4907
7640
5213
7282
8553
4572
4706
3741
897
5079
8775
4652
2702
5324
6416
7108
3356
9842
2951
9226
3281
6723
798
2527
227
2875
4420
1735
9560
4566
881
6461
2668
194
8364
1329
5397
5398
9657
9653
1587
1740
847
4389
2439
5811
6992
139
8746
3608
79
8600
7323
2016
9464
3850
6221
1515
5364
5393
2826
8838
1623
6790
9528
7319
1321
3950
6695
9781
3831
7370
7129
853
7132
5753
7129
3633
4177
4707
440
342
3254
6521
5586
1832
1874
1228
2873
2316
6606
5584
5252
1420
2039
6228
8062
7371
7856
3956
7450
6577
2198
3730
9937
6132
9386
9561
1385
8992
8901
9395
50
9263
3049
6163
7126
1523
5741
415
6547
5964
8297
799
1390
9609
8684
7217
8431
3361
760
1237
7439
106
3565
3736
3670
9920
8637
4687
3638
1013
5533
8157
12
6379
4016
9103
7603
5964
6615
1206
7450
6245
3284
4382
8490
6154
1417
5121
5197
2289
6559
6447
3616
2495
5660
5467
8085
5527
851
2542
7635
1284
7464
2793
1148
6074
3125
3406
990
9270
424
8547
6522
2871
260
7603
9938
1714
9736
8819
1643
1746
6637
9489
2937
4674
6366
264
4870
8829
5785
7675
3722
7676
6512
2489
9784
7838
8836
7543
873
9789
2504
6782
41
2420
6766
7324
1698
5576
4792
5578
3638
9188
282
7338
2801
3415
1267
1709
3311
273
9262
8891
384
3467
7102
6642
8328
8647
9183
1408
9956
7843
9461
5047
432
8805
2724
6808
4333
579
6671
8317
9811
4910
2908
1397
5463
5310
5028
5165
3513
6667
5623
9609
6610
3055
1834
5284
2951
224
1245
5336
3966
5364
7980
6815
9517
5781
7906
1731
2665
4054
789
99
2975
9529
538
3408
4174
8422
8442
1519
1156
8340
7175
339
6104
5013
296
3350
541
5876
8522
7290
3169
8704
6747
7576
3385
7157
9126
1843
5259
4831
7242
8791
2769
8197
1568
9332
947
5590
5626
4203
4795
6848
8436
1222
9377
7574
9502
555
9032
5422
693
5942
7654
1393
5525
2796
8319
7692
2891
3332
2380
2159
7016
3441
2470
5768
3969
1978
7391
7901
4012
4162
7719
935
9643
2032
3242
2216
4933
624
8221
8660
9491
3778
6082
52
4978
3460
1857
2619
1084
9285
7538
5289
3394
4887
4970
6666
2075
7547
9409
3114
7231
8533
1053
810
4233
4157
5059
4467
196
2839
9256
3620
9484
4352
4430
7036
2700
9943
1648
3751
3020
5593
3803
8873
7958
2552
3069
2289
4417
4576
8358
5949
2382
8647
3105
411
3873
3380
3356
1940
64
3481
1519
39
3767
4120
188
6994
5407
886
5166
6704
4538
4583
9253
8484
3844
7406
7833
7314
7959
9739
1967
9657
7427
5449
9036
5434
7106
7875
8609
9967
2221
1106
3903
232
7172
6461
1439
2124
9433
4731
1632
4838
8069
9445
821
9592
164
6813
186
3690
6230
3557
5593
5064
8818
2695
5708
4768
607
1873
3559
6554
3365
5319
2699
7001
7140
2149
3265
1284
7637
2099
6962
1367
5350
7819
5479
8742
9680
1021
8195
6577
6644
4733
79
8129
9099
6327
8438
5863
2048
2656
7752
590
2371
1057
4742
7960
115
8091
9270
5615
2366
8490
4966
940
2607
6241
4258
6262
8517
1796
2278
764
8209
7528
5124
5850
5126
9578
6497
5219
5175
826
6669
1292
2097
3139
516
8296
3265
5413
4348
61
2367
3851
7298
9111
7396
8681
7164
588
2172
5612
3210
5495
794
5392
69
4372
8993
7277
6430
7079
28
7625
4991
6281
6467
7753
1106
5396
3864
3667
9063
5857
9123
3261
2344
3981
602
6899
820
8111
5186
7313
134
1883
3536
3550
5675
8423
2472
4529
6619
5322
2931
4999
382
809
4659
3247
1888
6494
1445
8069
6225
126
6014
5680
4996
9952
8647
5212
4073
8755
9013
1647
9183
6542
2247
9429
5805
3108
1721
2728
3662
8914
3461
1667
9161
8346
6487
8605
770
9781
6168
9848
549
9568
9261
2927
9059
2126
4066
5966
8298
8925
8778
5914
2082
5133
9669
3475
159
8669
7022
9005
2733
1118
6606
7020
4060
4060
8750
1328
8381
4454
6777
7817
8914
617
4119
278
7794
4074
6397
2396
8953
1820
6067
7785
2322
7471
4529
6914
2541
186
6531
7622
9949
7585
9674
2924
472
4715
2200
9509
418
5440
3722
2958
4606
9812
7794
6085
4063
3334
123
9193
6168
5823
6803
2561
281
603
557
48
3795
5477
9311
9528
1743
9565
9373
3909
3369
9672
8743
6094
7886
6246
2472
2244
6845
5443
1591
552
909
3884
7801
402
2988
5733
7600
3221
9497
1927
3533
2943
6408
8400
1405
6136
9487
5341
472
5751
4473
610
6019
667
6134
8508
3741
5079
4546
4624
1799
4916
914
5776
7002
9080
9532
8982
980
5492
9368
8087
6468
4455
7993
6303
8671
8183
3405
3889
260
8860
7645
6003
8482
4942
9550
8347
9672
4917
9040
7523
3956
166
855
3635
9855
754
9064
9129
5157
1370
7519
1594
3426
675
7130
5988
26
421
1892
6117
9854
141
6867
7747
7970
6142
9276
3640
6309
7954
7230
9533
1186
6799
1265
9
7670
7243
8255
3218
7400
2833
3026
9269
567
1016
2570
2497
6495
258
6321
8740
2147
3808
7655
1581
3968
6034
7213
6464
3950
8250
8595
8438
2180
2020
5612
300
4648
1441
961
17
2819
2582
4383
5829
4534
9297
2817
2047
6581
3838
9333
4779
2642
1365
3689
1155
5810
6497
7317
6690
2358
1189
769
8359
6737
6575
4310
8769
1822
5601
9875
1941
6541
3518
7521
5822
5451
5092
8657
3899
1738
1476
7709
9679
1801
5842
6168
8596
4697
1871
9484
5233
4941
1740
5373
976
7369
5239
9957
7419
1903
7502
4550
7274
7687
2119
1997
8427
1530
7133
3884
5068
168
7493
2115
68
3801
26
6646
565
8038
4911
5153
3672
2280
325
8943
9879
2587
5971
6491
5961
9205
7874
5149
4545
7592
4523
9613
5169
6923
2132
314
6657
6543
2536
8673
4115
6573
1143
8558
1842
4583
9238
8978
769
3108
2268
3400
1105
4271
1337
4348
4613
6976
1316
2352
9020
4001
5686
7660
2892
7090
6180
3275
2355
6873
8738
3755
4983
9336
1941
7316
4855
6623
2355
9315
4042
2456
3212
8292
3488
5095
8918
7943
813
3049
4308
8175
8793
8495
2769
8270
4754
7862
6321
9679
2247
9370
1723
6202
2716
4041
2582
3875
8669
4398
5342
2880
1779
2937
548
5802
5140
9045
5044
2260
5768
8604
5243
8997
7914
1075
7296
7147
5037
6960
6453
7714
6074
4864
6777
8512
4365
7613
1000
8070
1696
1495
9352
4759
7993
9597
3551
8121
5113
2318
2367
4079
5286
3055
2834
3033
9215
4252
4146
6410
6490
4751
7601
9615
1356
605
2969
2416
2627
4511
263
7091
4779
9373
961
3187
3573
8315
4742
7917
1232
9656
2023
2576
9279
5564
9126
733
4304
4484
8297
6269
4287
9599
5556
4362
8341
7490
7087
1585
3646
7357
1875
8447
5825
5261
3513
4867
8085
280
109
874
8824
7021
7197
7862
5957
10
4157
7563
8340
585
6656
1363
3825
4375
6921
4772
1942
6557
7481
8399
784
4631
990
2193
700
8072
8949
7524
3358
6426
9660
2521
875
2533
1497
5170
1696
7211
5145
9258
3786
1627
5274
2599
8113
9708
498
481
7965
8358
2718
6380
5532
3023
5583
2317
3715
1160
6334
2294
2352
8090
2313
1689
5
6442
622
4553
5994
3791
4593
2330
5000
2590
3504
8250
2554
7740
8002
5400
3433
2048
37
6819
9294
3482
1874
4000
112
8146
9784
7531
1273
3283
3015
127
9446
7308
574
6501
354
8344
4423
7226
1484
3340
2214
870
379
2523
3450
5341
7041
205
1
6780
4061
6151
9705
8712
9799
2207
600
4246
2273
2915
1049
8765
6715
4730
1554
1031
3524
6294
4196
2720
6488
6196
787
5849
8910
1984
8593
9361
2645
8428
2795
919
7438
5388
8946
4074
2712
7832
8349
3277
8456
4629
1687
3522
9870
3590
8299
5065
4937
4998
991
1995
1782
4794
9824
4257
9017
3998
6046
3289
828
8886
5467
1617
6802
5591
4068
830
8392
2899
1317
5596
6664
2978
541
494
577
479
9190
1145
181
3680
1584
5624
8840
2312
670
9681
5271
6795
8117
2652
4864
4401
5962
1898
5997
3849
5504
8927
3176
1908
6922
8074
3370
3608
1907
9927
5259
8168
5703
7909
8943
8246
7346
9863
1250
6245
3265
2561
6682
5018
4217
8958
3308
7970
3966
8173
5436
6867
9012
7825
2795
254
5732
4057
7683
1046
6755
5823
9408
5675
672
9942
1545
271
7470
9693
5929
4469
6078
4172
55
1910
9189
5453
2894
1404
3350
2797
8653
2832
8536
2788
544
68
4221
8283
663
8535
818
6260
2725
3464
2094
7970
7303
9894
8801
4221
8952
3885
5022
1339
989
2567
1874
9401
5367
6709
1655
2872
213
331
3809
8486
4872
6401
5306
8297
4168
504
6056
1343
5384
1759
9794
4514
4910
319
6562
9993
6288
8990
9356
2688
3442
1071
5765
3263
9170
7184
5192
1244
6748
927
7252
2583
3030
1704
7566
8206
4582
1764
3395
5016
9708
5030
2020
2626
67
3552
7167
3700
424
8865
4020
725
4840
8699
5148
7695
2163
7745
8562
9278
7287
123
8842
2800
6989
4604
6223
3365
4801
8171
9633
302
1171
2821
3138
6282
1485
5205
1889
3179
6542
3316
1533
7871
3540
4575
7511
1828
2168
9777
3600
128
1529
1037
1278
8729
9052
3524
9922
3637
7814
7096
8093
6523
8621
3175
8340
4223
2041
9829
2607
4325
8066
3193
4417
7509
728
3816
3172
3073
5737
8511
2725
2598
85
399
3740
9843
2835
241
4040
6897
3296
3107
8735
6519
8195
6272
5776
4018
6638
2689
7350
98
7136
196
3099
8387
3902
7472
9745
9677
4550
7137
4020
4263
2843
6807
7513
2385
7431
3974
4473
4230
8191
5873
1092
1085
9206
7312
6315
6133
1021
6382
4234
5627
880
8760
5269
2747
9823
621
413
7741
7562
3009
693
9008
5711
7432
5833
7001
6416
5865
1922
6090
5499
2208
631
7504
1367
7627
5174
5712
4056
7823
3322
9229
5220
868
1545
7625
1357
6461
9397
5582
3465
4748
8835
5759
8787
4487
7700
5519
6409
6094
3653
7505
8087
9218
2525
8437
4556
1941
5496
8333
2969
5736
4309
4609
2304
5825
1517
7147
4879
4154
8648
9173
5568
8200
8507
2143
8183
7024
3931
4353
4059
848
9138
2994
2097
7959
2143
4503
7397
7410
6099
9792
7793
6359
127
6037
729
3955
6417
9088
5100
9109
6231
5439
2577
1838
6586
617
4611
9307
5794
6812
191
8049
6851
6016
2893
7874
693
2892
1786
8001
4548
3845
7981
2792
104
7615
7516
2849
2212
9721
3485
3377
6981
4467
901
7078
3905
3053
7773
8123
4558
1204
69
3300
6772
3717
2977
632
4971
3413
784
3142
1600
8959
1855
4126
188
1667
9383
5057
5180
599
9091
4928
6364
4352
8782
5416
3764
875
614
131
2756
5741
5508
3903
8495
7663
9160
2777
650
6724
7322
6127
9232
5130
9828
5810
5168
6295
4092
2627
6024
773
6256
8706
3504
3952
4583
1044
2431
6604
8019
5241
2478
7607
6307
9133
9547
9998
6236
944
9037
8781
8351
8835
392
3359
8503
10
2374
875
2650
7243
1163
1013
5633
7679
6205
6188
5707
3233
3343
3138
9593
8757
3791
2084
2251
826
3190
3133
4186
9410
5261
9821
2015
3661
2192
1962
2805
4898
1614
8409
4240
474
3614
3209
1290
9645
4176
5544
2711
710
2476
2105
8529
8722
3142
6633
8387
1127
8169
623
6221
588
2647
4618
1893
9210
2561
5442
6810
1975
5535
9879
910
1829
6980
5937
5719
2974
3508
2661
488
2729
1328
9072
762
8648
2330
3652
6295
3167
8481
5869
7873
3139
4525
5244
5713
7141
5307
9786
6904
6177
3690
8899
1073
4652
8171
1721
7224
2256
1414
8424
431
4163
3039
6001
8742
5786
490
2068
3055
6976
3822
1735
7708
4741
9365
3545
2517
9578
1666
8935
322
4165
4142
8028
722
6612
847
9885
5882
7966
9001
603
9362
8884
1562
9199
1062
6560
9955
3743
3029
1286
4326
3450
6951
5948
9584
6543
6495
7815
9101
6009
149
3176
6028
9572
7757
6927
7943
5094
4870
8320
5702
5850
6135
5648
8533
5909
7086
5316
2877
9538
3168
8435
2110
5195
5202
6485
7708
5358
6793
2937
7971
5168
6464
3598
3675
8146
9305
2080
4287
8409
2673
5810
9992
6286
5183
2480
7400
3900
2151
643
1452
9094
5612
3632
9485
9826
4745
8934
2549
3812
62
8464
3782
955
3551
4653
660
7525
9936
7406
9038
8588
5598
197
3731
1682
3268
2385
9554
8896
9977
8253
3233
5715
1353
5823
6889
7236
7619
1250
9857
7636
8012
5710
9011
5101
9789
1691
8
6516
3543
9621
7467
2439
696
8918
5825
4447
3943
1347
3472
3224
1012
6872
5760
2488
9023
5640
120
2172
9266
690
4481
9863
8968
1089
585
7195
4626
3500
8300
6322
7850
286
6560
8891
5751
9654
9694
7649
1147
1856
1364
9646
8870
3141
4861
1834
818
3047
1693
7719
2386
3899
1452
5221
1756
3340
3561
7284
9384
6320
5828
4004
4549
6002
8024
869
6931
736
651
1587
581
3774
4447
4370
3679
4953
5839
9407
9
3945
7680
6641
462
1983
2426
3284
1098
1308
9483
1334
5054
1885
7644
6713
6353
2775
3160
2706
8744
8909
6453
1528
1893
350
1510
6368
9007
485
3514
9768
5665
126
5582
5021
9344
2599
8891
6691
8977
3307
5960
4174
5755
2385
6160
3062
4298
6993
7611
1429
4445
8647
7699
2523
5120
4325
879
25
2679
310
1782
6989
5928
7813
9209
6571
2790
8081
773
9369
2657
9826
7099
7841
4127
4838
2474
6067
543
4194
2439
2131
2585
9920
1769
2850
6776
444
5402
3698
4616
7688
4503
5645
4751
9116
5711
536
8753
735
2919
1700
9974
3170
754
6057
4411
5950
8603
2238
1625
7098
7318
8454
7867
5679
3636
2578
7758
780
6472
3458
8513
4186
1501
6370
3583
1706
4382
343
3275
6392
6346
7593
1974
4357
184
3378
2514
2519
7834
1522
847
3273
9251
1471
5277
7206
6745
3204
885
3820
148
6172
7806
3171
1904
2758
4513
1765
2011
6356
171
8944
1063
3087
7467
5648
9663
9128
3985
584
3014
1977
9449
2281
3211
5747
3775
7854
5169
3594
9845
6554
9259
502
1824
3344
3808
1102
8869
8297
2546
2264
3349
417
3842
8690
5007
1164
455
1066
9073
6772
279
9585
471
1708
9659
4012
1761
656
110
520
7016
9951
5091
870
2186
5184
2526
7632
7922
6889
6302
4415
9838
8915
200
6557
3505
9012
8206
8379
9578
210
5161
4055
1106
5367
8949
2929
7976
2518
4724
3644
5097
6278
2288
5795
8870
2811
8342
3543
4369
8344
5829
3383
2958
3307
79
8578
6529
7201
5070
2562
4938
1878
4723
6285
5913
6421
942
629
9978
907
3184
6459
812
9506
9365
5514
6303
2997
6355
967
287
5351
4176
5766
7451
8011
1156
8881
5403
7458
4984
8033
2301
2031
6328
3123
8864
8987
2630
4379
2408
1203
2792
5864
6838
9204
7939
6416
8426
5463
8715
4417
989
6962
4526
1394
5016
1731
1835
1229
4901
1581
2295
9796
8670
1182
2478
1426
726
8753
8523
5568
5424
9096
5820
624
384
5253
3475
3951
1352
5914
3535
8551
9920
4381
6572
5768
1935
8595
1232
4860
8948
4220
2628
4885
5126
9792
8106
2421
1720
8795
4316
1728
5950
4831
2005
8842
3583
6282
3714
2968
358
3890
4189
2199
1527
6271
3716
2944
571
8147
6903
5845
8596
3693
6917
3341
2353
8865
3900
6566
6458
1122
6674
3278
5900
8365
1129
2150
2310
9099
5917
533
1553
4547
1102
9191
3789
2680
8267
8428
6083
3751
2976
8031
4826
399
1081
4113
1059
6471
7075
5139
3204
1417
388
6139
8307
17
9650
5142
3276
1424
9820
4838
5673
7494
2102
8618
1886
2057
8266
4194
3505
3893
1284
8254
9842
9419
1289
3582
1613
2781
619
688
5134
8513
5993
8069
8452
8096
7249
8613
9952
7768
5913
1101
2671
7049
5173
6059
9528
642
2319
1506
2796
2467
2420
4197
6297
5698
6302
5118
8476
8967
4217
8484
4882
6143
2399
1774
8929
7992
5734
1941
7880
3398
4716
1736
3708
7454
6593
3375
8092
6776
1695
6136
4486
4942
9937
2360
6986
2292
2007
2525
1000
4026
6074
7702
5631
4857
3655
7705
5957
3076
9047
6076
8042
7942
5394
7453
9240
8942
4096
3767
5410
1779
3573
1757
532
1761
7587
70
8307
8848
8567
1094
7899
1498
4180
4301
4103
8697
496
963
8773
396
7535
4293
5139
3920
696
4790
7039
3767
1171
9330
1601
813
7987
9814
9729
498
5805
5210
8201
2947
9904
9506
3876
4953
8598
767
3442
4491
2325
5167
7967
2586
5070
2626
6445
8688
7303
297
6820
7825
1494
2199
9908
3795
9834
4386
6488
7968
1675
7357
5712
9653
7385
358
5237
4357
2780
2436
9370
8060
8429
8690
1838
527
5133
30
686
6073
6482
9751
3106
5897
5655
4709
8982
2408
9982
9666
5285
7747
3331
3386
7444
8333
8921
3923
9920
6848
9956
9681
4706
2793
364
3490
3902
7647
1181
8624
9507
3923
8758
790
2768
5540
6098
9739
948
312
3244
1156
9066
6697
7375
7237
3174
7351
7571
1512
4825
7887
2377
5209
6677
6914
4283
2400
3881
2703
4611
9208
6922
426
5155
4909
1303
9732
2149
2598
2660
3755
9413
1932
2395
4802
7032
7292
9381
3337
4683
1915
2268
8287
1179
3803
9165
6008
4405
9620
5665
5320
8527
8703
1415
4677
8081
6723
2115
5446
6240
2664
6538
6558
2940
7352
4331
8507
1991
9369
187
3280
8035
5075
8411
5928
8251
3039
6874
4394
8522
8719
1003
581
3117
4509
1077
6645
9071
8496
2129
3571
4626
4388
6120
8745
31
8499
5330
7553
3568
3238
2245
9537
8340
5736
7616
3649
8961
924
6339
4255
2479
4940
2835
4976
7130
1551
9132
9292
8731
8257
2425
3948
7331
9086
1430
3207
9134
8931
2196
8051
8170
2387
1576
23
4616
2294
796
5726
9349
9230
859
8446
9561
3989
3305
2030
3796
4675
2113
1454
9196
423
5311
1029
44
6049
2736
6755
2902
6290
1304
7492
5060
8568
749
3571
2961
8274
38
5772
1957
1624
962
4558
427
4929
4702
4335
6642
8291
7528
4883
3253
4087
5078
4844
4733
5516
4298
4488
6348
3564
3609
8834
157
6872
1414
3158
822
5926
8657
1154
650
5261
9567
4937
9666
9156
7527
3240
7528
2399
3148
3042
4849
7535
2941
1685
9338
7717
183
492
5904
8545
7066
6022
3207
2938
6182
4668
1876
1385
4543
3545
3790
8921
5273
6512
4174
1991
9460
1521
9874
1222
5787
1722
4509
3933
541
3443
9535
9064
381
441
29
9127
2235
9053
6597
264
1828
8314
1646
2570
9794
8882
9063
2702
5534
8691
1229
842
3054
8699
9343
3587
5157
2412
8472
9899
628
3274
1449
6115
8166
9792
1875
4056
5590
1051
1376
4102
7234
8318
1881
2360
8657
1978
895
6249
2010
5416
8013
702
8347
2687
62
6628
1818
1420
119
892
4599
9618
2634
7046
6099
6911
9290
9181
7376
807
4413
2826
3486
6620
3361
5948
0
2257
4779
2651
8932
3679
9944
2764
715
551
2918
341
9
1580
1121
2303
6739
2920
2653
8806
9119
3864
9434
3520
94
4549
5879
4041
8930
7252
571
372
3536
6747
4582
4007
2193
3706
4008
1435
469
9846
6406
8436
9113
4902
9194
7517
9958
6174
6983
9426
6788
2663
2922
2718
5772
8291
4842
8846
1864
8527
3284
8366
5181
6091
6595
2606
7600
7178
9672
4802
9342
1264
6011
6597
2414
8151
4089
8304
2579
8368
2461
8690
4423
7777
6661
8275
716
3466
495
6149
9346
7232
5186
8732
9207
8483
704
6476
8807
215
203
2720
5693
4439
6219
734
2047
958
9738
2340
320
391
9295
7154
7782
4969
1242
3302
1195
7485
8074
3549
9828
321
654
2811
8347
1218
7684
5525
8664
8249
7469
8035
3689
7909
5081
492
3850
5848
3210
8301
4470
2956
1347
3004
8082
7108
9882
8836
1877
9379
7859
7213
4248
1192
6160
4951
7888
4156
8187
6277
7716
397
5218
8642
7101
5363
1951
1954
6411
1396
8009
1704
2362
244
4094
6458
7492
8544
6336
3694
8789
7531
8837
9188
6006
1881
5920
4337
3939
4493
7221
1854
784
8690
7334
3730
4197
6064
6152
230
4445
5455
1584
2981
7146
2999
2717
2899
2392
7843
8442
9928
5736
5224
4760
9554
2521
4836
683
2174
8771
6966
6137
5292
6813
6116
1500
2216
7614
3014
6965
8208
9158
8463
4276
8089
8067
2400
3641
5674
4678
9350
7076
4130
8715
5415
7491
9320
8415
6998
8887
6810
5120
1146
2863
7053
2010
322
1824
502
5011
6771
4486
8627
246
1852
1280
920
3184
8453
7608
171
4845
80
3876
6992
3870
4403
130
1668
3820
1765
798
6551
1757
2025
132
3626
7491
1529
6994
9035
9051
3452
3779
1594
8788
9761
6839
9914
900
8968
6036
8458
8430
7119
1218
750
5761
5478
3665
5989
6616
840
7691
3679
4836
9561
1890
3237
93
6
8295
4132
747
1516
4332
1912
4050
9487
9879
6765
9332
1271
2351
9834
5357
7940
2000
6354
4771
9316
1423
9714
4865
2134
9559
2008
6232
3390
5150
798
5154
1418
8330
1964
6878
7250
649
9668
4512
4703
1647
1336
4271
7934
5904
5842
3278
7203
5407
6600
13
9903
7737
7667
9306
1479
594
9748
3169
8812
51
792
1269
3105
458
5519
856
3958
52
5219
8858
8362
5022
9451
105
3632
7890
8133
4729
7718
4784
8821
909
4368
9072
7734
9275
5074
147
6826
8851
1137
6669
2742
5380
5510
1435
9578
6316
6843
3069
5222
462
9364
3213
9797
2173
5157
3623
1054
5849
3850
9952
5859
3176
5753
1271
6706
6749
8143
5848
68
298
1838
8777
1982
647
8577
2946
403
9071
214
6041
2535
8580
6066
2520
7273
6436
8572
1041
4792
7432
8636
3779
418
7109
2305
9689
2283
9304
4160
5858
3844
7638
5640
9060
6600
4483
5881
8230
9400
1707
4481
2814
3099
9554
7524
9990
9976
434
5229
3871
9111
7790
6845
4469
8527
6708
5235
2215
5583
1341
1281
7436
593
1770
693
7324
144
2767
8547
1529
9656
8348
4032
3541
5056
8452
1696
4260
5621
6342
397
4896
585
9730
8870
1788
9419
5592
7204
6703
261
9461
5307
8125
7048
6305
2644
1057
5409
8512
8802
8784
3371
4564
849
4075
6919
6623
4552
2937
2182
1740
1998
2863
1560
1355
2594
6969
7247
5739
5203
675
53
3219
2092
9238
3505
5662
1227
7429
6146
5701
8548
8624
1485
7839
7094
371
6774
9852
6873
3639
831
3269
4098
6831
898
5111
9374
4359
6523
6788
3626
5706
2239
6201
2411
9566
7052
5725
5030
6901
6665
7839
5586
2697
1082
1896
8612
1869
8458
9968
6252
2283
1196
8261
1703
9529
1355
9629
7974
8630
5253
3700
8838
5592
2619
1225
1515
5321
8749
9928
8662
558
423
132
4629
3645
393
603
5284
3066
1436
4220
2142
346
8165
8851
494
9912
8134
6466
1511
219
9653
2499
6514
5282
5565
4048
2162
7506
1940
7453
7810
4219
7727
6742
9421
6180
2244
7686
5025
9363
3941
3203
4039
867
4991
1538
4934
2692
5382
7622
9093
3456
1
5136
7781
2903
7486
5728
2107
5277
276
610
4819
4659
7205
7107
1998
5581
2872
367
8692
5332
3004
9698
3818
7501
929
4105
7375
242
7972
6047
10
7169
8257
442
2605
8512
793
1076
3606
8521
2538
4334
7283
7688
9912
9379
5251
1391
7240
332
2734
6290
2198
9054
1445
7735
7915
67
5411
2517
634
8456
3291
1956
9131
2221
1041
9829
6147
1677
8914
2016
7817
4472
6321
5937
3443
2339
312
6546
3341
659
4446
9986
6393
2901
4294
6709
4541
9269
7194
4397
9565
5391
8055
8607
4641
2059
2797
1047
3937
406
4766
6199
8857
9201
4846
4210
3962
3457
7462
2170
3557
7006
5136
9970
4149
2913
541
1588
520
1605
996
2332
7670
445
1958
3741
6515
7879
1490
7184
6046
5150
8502
3356
8864
6181
4451
9958
7541
2521
5891
6637
8174
143
8963
4738
6171
9792
9962
2241
3775
112
78
1177
4677
2332
6319
2826
6626
9451
9601
5348
2121
8959
8401
1797
1313
8915
9270
8139
9256
473
9570
2979
4905
3946
3976
787
1525
6967
9330
6403
2629
1774
6316
9567
1
2589
5343
7457
8612
5619
4872
4918
9392
7196
3215
7498
4579
9281
723
6148
6779
3553
3532
8882
4353
9691
7460
7698
9268
9730
5523
7334
797
1430
3203
7444
4480
9115
7326
9482
8591
2846
4917
1743
4258
4201
273
6603
4824
146
7611
7331
2012
6352
4409
1351
1529
4373
1357
3864
2440
9965
2645
1993
8115
1149
9226
1753
9027
6102
2546
8044
9644
9705
1626
7264
2772
6775
7101
8937
8976
1595
8876
4027
2624
8316
1474
8006
6340
1840
2576
2118
6869
4226
6035
1214
8589
2129
4400
4382
758
2574
2700
4387
6671
7343
5693
6868
5015
2436
6019
8581
5072
6962
1274
3250
5657
2673
7867
7428
9884
667
7639
6054
697
4344
6293
5585
2012
1225
3441
6765
3004
3553
8483
7643
9812
9342
9928
1149
8139
8887
5334
718
6111
3210
8390
372
4232
2776
2570
4351
7650
8616
8767
5216
1632
9381
6757
9999
2247
8913
7298
8723
5629
8868
803
1922
4219
100
42
2376
5551
2229
9831
16
4260
9158
2029
6821
2146
1069
2452
2358
4597
3186
7414
1345
1954
4691
1196
4478
8475
2969
1197
766
3521
7980
4416
8199
8792
6565
7228
9762
3329
4611
3386
6868
547
4077
5568
8544
6956
6985
1608
8748
5118
7891
822
2337
1211
1521
6510
9701
2235
250
7550
4519
7288
6999
9978
1943
1133
5893
3021
6022
2464
3817
5181
9319
5499
8760
4859
5738
1836
2713
2585
345
3699
3895
5874
8327
8491
5183
102
6728
9591
5602
3935
8009
1910
6352
3997
7920
5185
8697
2672
1906
9208
5894
3870
5586
2052
2365
591
3964
8180
4223
6116
6947
4570
5985
4664
5712
9080
3996
111
3189
532
8745
6336
3592
6540
763
9407
3950
6865
3088
1055
7379
6592
8767
3711
6915
9269
7136
7725
9278
5897
4347
9196
2616
7958
7697
1588
2869
8750
3702
5927
4860
6863
725
5920
6284
4712
4804
9993
8191
1070
2755
1487
3254
8660
7148
5110
5912
3657
6266
3197
688
7286
552
703
9370
2637
8250
2059
3875
5874
1725
2565
2617
5582
6549
1323
358
7334
1362
3182
4288
81
5741
1725
2853
2249
814
7070
7917
6581
9585
3920
395
9915
1445
9467
346
5265
6162
3584
4226
4639
1198
7511
5722
8635
6692
3862
1382
921
4096
9377
3148
8649
6211
7890
364
7048
1029
1318
1835
2248
9742
7731
829
234
7239
6083
8942
8070
3771
5517
2985
7397
7830
855
9073
1637
4172
4084
267
2184
739
4909
996
1291
3419
777
8187
4076
8367
7004
4387
247
1932
3684
8811
1351
932
6580
4822
4518
4395
1638
3291
1558
1755
330
2229
8205
6120
255
1929
5388
5857
2676
2771
5047
6641
9799
5468
6081
1792
811
4572
582
9107
5203
4184
7716
3127
9978
1515
7526
4737
8432
1295
8593
314
1837
5873
9581
5137
4685
4555
3388
956
575
8356
8743
7784
9880
8259
2083
2054
5532
8287
1440
8874
1106
1021
2269
463
3206
9993
8688
1488
4385
1681
8332
4334
3654
1788
5099
232
4276
3019
5674
3058
2102
769
5840
8835
4045
5682
2430
9502
52
4332
8185
6948
7785
8085
9348
1927
1916
3296
2314
4490
1236
280
1173
7304
1117
6852
7947
7791
939
553
1455
3819
9308
7014
2705
1595
6984
58
6109
3113
2145
3215
8256
2764
6439
9634
5868
4483
6062
8473
8289
8031
1307
8735
3928
6949
4551
8339
3029
2926
9097
18
6625
2624
225
1035
9042
8577
8568
3580
2427
6328
2175
1266
9957
8084
2978
628
937
4954
1860
109
206
7273
7176
7693
9944
117
4017
3793
544
547
9182
3043
1595
9349
843
600
7741
2321
5349
180
2738
5087
5900
3805
4929
1066
7493
8699
7699
7582
6009
5820
5590
9047
1879
5746
8844
7292
1536
8373
852
5433
5240
4691
4487
9036
9322
2200
7060
2227
2085
4026
823
7682
5917
9099
2036
4038
9455
6396
9169
7304
3448
6137
539
3495
7406
274
3614
2552
7294
7500
2924
9341
4256
869
8400
9968
3539
345
8555
9710
7764
226
7995
857
7328
372
6946
5548
1004
7565
7430
4513
5061
6785
5737
6162
3897
7240
4143
7531
945
6664
7424
2178
4284
8809
1434
4398
4436
4337
6713
5254
602
3925
1668
6549
3762
5001
4720
9849
6809
5887
3630
6731
4863
7450
3300
5872
5001
5837
1589
4469
9608
7499
3262
2455
4333
785
5481
9596
9494
5322
5426
8060
6759
9433
5484
3535
1211
7182
7817
4482
2444
5298
6088
6726
4576
3348
6596
2458
279
3113
6136
1487
3161
9630
4966
6488
6802
3647
122
2303
2318
1623
1327
2913
4623
898
2883
5283
7759
3758
5271
7864
5857
6316
2601
5985
5095
6622
9698
4909
6716
3770
8178
8096
6261
7105
1212
3211
6316
1368
3301
5234
8301
5792
2761
5762
4984
9428
5316
9517
314
9789
772
210
512
690
6112
8999
2559
9569
2262
9148
9248
333
7488
8768
4241
7193
3645
5816
1046
6388
5025
6226
1910
809
9201
4525
2085
8772
8506
2171
4675
7582
8623
7191
2590
5997
9492
2192
4545
682
5425
3059
1547
3678
7909
3011
2804
5143
8166
7477
7868
5194
8385
4102
1323
770
3494
3438
7014
9482
5994
449
8409
1161
1047
8090
9652
4200
6965
1707
1747
1771
7821
7890
9282
2328
7829
6226
5864
7498
3649
7609
1563
5119
5049
4610
1450
6698
798
387
9454
2841
4514
1751
139
9558
864
8247
7834
9655
7693
1737
2477
552
4763
1537
9675
8804
9942
8577
8970
7646
4488
4963
918
5552
2499
2699
7910
315
6222
8969
1705
7839
1853
6183
2263
6656
1050
3786
2161
7677
1544
1143
94
4530
7393
3536
6764
5893
8339
6834
5739
1600
6976
868
1328
1951
3421
9433
8904
9002
2783
6480
8651
9828
255
729
3852
5424
9014
1544
3098
146
6954
8237
4207
5232
3738
5905
890
547
4191
5182
9806
8226
6223
2645
4583
9239
1120
7946
8836
3944
2384
3708
5957
4440
6177
9252
2589
4298
1991
4704
4192
5203
7787
4810
5312
9705
7183
5541
7121
8678
7472
7635
9877
9490
5696
7831
6425
7381
8667
1081
5363
8639
8499
899
2895
4222
5890
5941
6460
38
24
9235
362
5387
1799
1424
9626
2881
4356
2547
9306
9549
4430
2147
5131
9628
4479
729
9460
4075
6173
483
3505
4411
7399
1608
1677
7301
1044
6034
3085
3951
5067
5495
27
5323
6041
7558
8887
4452
2783
8490
8153
4920
8743
3533
5049
8772
7580
1595
2062
4837
3881
2051
8709
4966
2908
3997
6104
6614
2524
8042
8219
6340
7229
1746
3216
5532
8190
9270
8945
9003
8632
1350
8438
348
8127
6454
3655
1271
6086
3705
4436
6479
1195
4385
6835
911
7939
6422
1572
5373
3054
9663
1367
9784
837
3963
7261
2975
1085
4978
7532
7614
4189
5242
9643
344
530
5945
4767
9418
4146
8571
3036
7014
9915
9334
3243
2355
4792
1873
3376
2406
2674
7545
5586
8794
3261
5376
2410
9205
2224
8127
7397
5451
2639
5947
3167
6352
7852
8001
4432
2499
510
6317
2426
3003
2426
28
6426
3360
6770
6047
9270
2782
8920
7447
8974
26
8021
1816
6092
8956
3600
1254
4034
2661
1080
3217
7866
3838
9552
3454
1018
3163
551
2563
6859
9677
4339
2105
9571
4248
7330
5213
6129
7872
1013
2157
9071
1931
961
4355
5406
188
7449
557
5760
9725
8004
4157
3529
4547
8013
8948
7094
8067
5285
7094
7413
3481
9544
2821
3204
2354
7844
2992
8537
6708
1663
1430
2648
8239
4695
4996
93
9262
5548
3031
2590
2799
5374
4397
3309
4335
4141
1363
6950
8906
6605
4976
167
2251
6899
7602
8459
3474
4914
6896
8986
6564
8983
3195
1679
9920
1636
5203
1175
5997
8750
2826
5300
6451
2113
1355
9990
1035
5819
9218
6038
7641
2799
9346
9875
527
7946
3454
4720
4039
7794
7141
1376
394
7953
8801
2469
4606
3248
9552
1539
1513
8704
6897
7641
8293
7971
6572
5548
8485
4682
1564
3054
9776
7659
9039
936
2931
3470
4084
4911
3655
7064
5222
8810
4386
6383
9638
4678
6669
9985
7246
8997
7267
9943
1500
3415
1857
6282
3287
6239
3955
9554
6462
8982
4912
6725
3500
7268
8189
1367
5403
8180
6248
876
9105
6334
8435
5270
9084
2502
1166
8680
3659
5241
2651
3000
4854
6051
2888
5996
6649
4886
9557
651
355
6773
2517
3132
3853
221
5371
4743
7980
1298
4172
6843
202
4934
329
9122
1368
2999
1256
4014
572
8529
5104
4086
2499
1072
8412
4029
3366
6514
8204
6398
3657
1770
6110
3407
7577
1647
6203
9288
8021
8517
9080
3141
682
5413
8866
8236
6605
1562
1837
4462
7428
6454
7187
3438
7183
719
9864
2108
1602
3009
3188
1956
2605
8333
3988
8712
4045
1257
2721
8831
9878
5201
8160
2792
5908
5469
9514
8988
5665
748
4297
5951
9896
3241
7177
7406
8641
8525
5667
5365
2858
177
579
1096
459
3856
3042
45
4421
4903
3930
2472
9524
3869
7413
4100
8262
2184
4429
4566
4395
4751
8763
6127
9712
5799
3609
8787
1266
3580
5080
1928
8188
8114
9481
6896
4435
3356
9727
4440
7667
1241
4190
7500
3810
8021
5054
1450
7749
341
7104
3388
4485
48
7884
8580
4090
7024
6478
7345
9822
4362
9164
9790
9931
3879
491
7651
723
6548
2204
8817
8499
5429
8456
6387
1868
5482
1095
1389
3328
2202
5921
6881
8709
114
2789
5387
5083
3592
3571
5351
6659
5066
96
8707
3102
4122
4705
3035
2639
7119
2884
2777
6745
4867
6460
2071
5958
3507
3593
47
3394
1529
9969
1355
7074
695
4421
394
7536
1692
1143
5238
1854
5819
4254
2589
1716
2145
5614
6599
1778
788
2464
1536
5034
3802
6803
5353
8028
1642
3369
8912
3486
3251
8201
8460
1090
2719
666
6935
5041
1414
7877
9084
7531
6982
7706
4477
5827
3175
8344
8202
2515
425
9923
3468
6383
2534
3788
8531
5176
6796
6124
4879
3313
5148
8814
2618
6492
6997
6062
5930
272
2851
1147
833
4571
9484
9445
8915
6708
3266
4132
4563
7571
1900
5709
564
9383
5906
888
6334
2423
9432
5997
4202
8045
6765
1805
7774
6209
5548
8357
8862
1913
6960
7851
8882
6759
60
8576
1374
8374
8405
4708
6050
8603
8859
3482
2537
4509
5219
1170
8125
6693
8853
2888
5115
3141
4011
1429
2385
2505
9425
9132
5438
8736
6603
310
7709
1393
9773
2992
1586
841
6902
7284
6863
3453
4280
1134
1631
7202
106
9509
7671
534
1333
533
4713
300
3708
5859
433
8520
1326
8573
7631
7832
2673
6357
2968
3172
8501
6829
8036
1696
7242
8539
891
8857
9422
4692
1615
5048
9611
6329
752
1105
5662
2397
7140
2182
3335
6541
4079
4906
83
4805
8256
633
5913
9186
3558
6468
349
3521
7180
6368
7643
6151
8804
7191
1939
2281
8759
9504
6246
1881
2292
8967
8920
3072
7371
4652
3663
2661
1647
5438
1862
2665
8135
8219
4534
7104
125
9915
2499
2908
5333
1986
8712
8688
4833
2824
2619
106
6168
7656
3640
2731
4756
1679
5355
4014
3138
7350
9900
3776
4973
6370
6696
4558
3958
7923
9029
1599
5516
5372
1554
8360
4743
715
6146
7007
2737
947
6134
8482
6547
7970
3931
6878
3181
4098
4088
7488
6418
2900
2247
5435
1801
6560
2855
5595
4886
4159
5039
5968
3437
4063
4244
4923
5250
8759
2095
2572
3866
3222
4138
8941
9997
4510
7328
443
4802
1850
1263
1153
6046
4145
1202
9302
2017
3484
9425
5020
1410
400
6425
4790
7648
4901
9227
7921
2745
9492
8530
3756
1673
1721
7316
2576
6630
6264
1339
4234
1791
6566
2638
7497
5483
1483
4093
1474
9346
8934
4622
204
1377
1596
5371
4721
577
1264
1757
8322
2752
1210
5626
7806
8098
1177
7774
2563
1164
6249
2981
2012
8791
464
2436
3987
2105
6134
3260
7986
4135
9952
7927
225
2659
9421
483
1995
9907
2709
6537
3508
1934
6225
8277
2457
4371
9132
661
1207
7419
5285
9030
7439
9872
8759
3145
7328
5973
3994
2883
8852
5489
6270
212
1814
7629
3962
6551
760
4422
1047
7280
2296
7273
6176
9823
8780
4392
940
7278
5335
9105
520
9074
2727
9240
479
8341
3652
6715
9227
479
6852
2547
3856
817
9880
8355
8066
2333
8850
7777
5809
6432
7084
3032
1653
5433
1731
7986
9027
6973
4701
8464
9101
6742
1905
6110
9402
3613
7028
2313
6794
4057
9395
2433
39
4368
3947
3982
8734
2391
1045
5087
3511
1687
367
9428
6129
3124
675
609
7864
3325
4549
8214
4836
526
3210
9642
6106
5377
874
6268
7327
4191
5679
7499
3999
6296
8182
4704
419
5790
2938
8224
1689
8564
3042
8243
5577
4405
6858
7913
2805
4402
8069
868
3862
945
9951
9655
5668
4867
6986
7579
8550
9093
2225
2545
182
3903
7621
9456
5985
8693
1528
4062
3692
7164
7515
4711
1255
4727
4178
7025
1458
1899
3739
4756
9279
4193
8392
3368
6225
5567
860
6947
5519
3404
6182
2010
6164
7605
4358
2890
4921
5409
4541
5090
8001
7629
2305
6008
6474
7320
8394
263
9497
4418
6068
8114
3390
7129
4279
3530
1642
8946
9622
6338
3661
5776
4623
2410
7995
3994
291
6589
1940
9323
9985
4265
1658
6914
3397
8313
6684
1760
1390
9135
3086
9073
5055
7164
9071
457
9893
5925
8344
4750
3474
9295
6011
3103
472
8457
2216
2204
4396
5816
7583
407
3722
9992
6312
370
6844
9671
4594
5856
6016
8117
6360
2000
7481
3828
4201
485
4277
2416
5355
1119
1540
6880
5808
1667
2692
5050
2785
4892
106
4539
8941
1079
3489
1329
1981
9222
1442
8955
4130
7697
3101
479
2729
457
5158
2003
6149
5643
193
2214
7754
2445
3086
2986
7707
3491
4757
3846
6450
7741
8320
8585
215
9622
4548
2377
1560
7988
5001
5189
3986
7988
8312
4824
7610
7526
3961
2052
1752
1331
8821
8467
994
7147
2686
3083
2515
3677
8319
2761
7602
4985
1493
1920
5679
3552
783
630
5499
2683
1292
1358
1379
260
2425
8489
790
6795
3142
8480
7572
9377
903
3320
2947
7634
7847
8320
6204
3977
7799
1597
7531
2965
6865
2074
5741
7362
2254
1253
5637
8882
6513
9712
2269
5267
4278
2801
8422
9180
7171
5282
1185
764
1199
4530
7349
1103
7406
8117
7753
9324
6165
6851
5817
5132
7510
8017
5765
1314
4034
8663
8721
6311
7810
2886
2292
8244
2005
7784
1463
7762
4579
957
2378
9224
3010
157
7263
7179
1500
2185
7784
6902
541
6008
535
1100
2773
3529
3901
1546
6205
3068
8612
1717
2541
2294
5628
5892
838
5113
5361
1384
3256
2211
9012
908
3863
6356
9501
4218
6694
2872
6233
8727
7350
9522
3996
5015
6912
917
2518
2196
4224
4288
1386
2191
9755
7997
280
3428
7836
7470
5435
8635
9909
6308
7700
4207
4310
1755
4675
1003
3393
6636
3800
6598
8001
5530
8885
3952
1456
7294
7940
9053
9739
1107
974
5331
4347
5170
9383
872
2193
7572
6397
6046
9110
2275
3160
8825
2864
6735
155
2420
7960
3444
9602
2545
3033
3574
3887
1231
6754
8481
3135
4981
9752
5182
8938
191
4433
405
5627
4934
7706
3027
3833
5882
2423
9515
5247
3466
4174
7257
6392
9940
5662
6635
9373
4698
8756
2607
5215
8756
6181
8493
8291
1021
5376
1748
5669
9134
3688
2207
2455
2115
6710
6404
950
1633
2697
9480
9486
5782
7152
1980
1476
8971
6027
4541
5503
6760
8032
6600
7581
7759
9136
3044
9873
1554
6581
3923
1029
1922
8772
3368
5471
3062
4915
4669
3412
6340
5362
3952
4239
9532
3967
9793
6006
5232
350
3601
1956
9898
7819
2129
4207
8880
3841
4110
8251
7221
2861
8897
4494
2673
315
3056
7635
9708
2258
9959
7093
2029
3744
6335
1600
9728
6700
239
6807
5488
125
2494
5533
947
4282
4084
6994
7618
1695
2954
8014
2869
1029
8950
5781
712
8583
9450
9817
5257
9586
2839
2116
3742
2996
9791
8696
8216
5748
2189
6874
1656
5609
2988
1668
6474
9049
377
6108
7606
7068
6024
2652
6124
4532
3962
2749
3486
8256
5353
6755
2564
4247
814
6401
4780
7564
8319
3344
7476
1704
5347
6385
5967
1081
5874
2927
5330
1755
4628
6282
2272
7214
6645
9872
5944
8715
909
3669
4114
7311
3713
109
79
7493
7744
2009
7603
9122
6795
5942
5739
7
5246
2914
130
4485
4673
7649
3126
8251
728
5527
170
4780
6396
2402
5201
3092
9156
6052
9289
6314
6109
1640
1324
5185
6872
8470
5289
7684
6156
2954
8299
3153
2911
8206
5212
8457
195
6283
5222
4637
6499
2397
5341
2092
5934
9036
5699
8506
3569
317
5208
8288
5109
8695
6217
1475
6051
7406
2611
1381
640
1739
271
372
8332
2511
302
9250
908
3341
6351
7973
2905
823
4588
7891
8305
2846
5457
6811
6982
9714
6772
2842
9178
280
4536
8274
7569
9439
6453
4472
2040
6771
9600
5736
8680
9989
660
6293
2359
1328
7954
9349
9963
3669
3749
5302
1221
2027
7146
1735
8196
2761
8141
5739
8468
3913
1335
1647
3516
2243
8462
5252
9501
5526
7223
6951
5320
6475
9281
3085
9085
7524
4626
3428
9111
115
8063
7725
2962
869
103
1109
7395
8954
1029
770
8144
1680
3455
6477
1078
4941
9176
7409
6350
512
4172
991
1615
2535
5245
1517
3168
7465
4066
1693
7352
9295
3121
1533
9799
9255
6571
76
7325
7485
2029
6013
5918
6191
2233
7339
3873
3392
2384
8957
8214
6426
7213
9107
414
6336
8317
863
2847
664
9148
6672
5047
2520
5153
4520
2518
1686
3772
7474
1222
6786
3157
4028
2845
9565
5506
4416
4772
1748
9097
7398
6411
3261
4364
8981
289
6355
2205
8153
3026
1015
6407
6304
8349
9396
5097
5488
5302
3369
7207
5802
5880
1686
9921
1808
922
5466
978
5226
4555
6933
1442
5086
8851
9907
5085
818
1803
6739
9823
9659
8436
6224
977
7313
5769
5908
4058
8989
7260
5427
2096
3604
2635
495
3633
9469
6057
5450
6625
2797
3034
3234
2627
3819
7194
8460
7349
3124
1766
7143
3370
908
3699
821
4158
583
771
278
4114
9268
9926
4020
2733
2039
5525
8927
5164
5269
6459
2509
9367
3021
1483
6416
5221
6474
7728
6589
421
8910
5012
4982
5674
6063
1361
4931
922
4316
1337
9994
947
3123
8658
1116
9967
6562
3828
7492
6282
8695
5317
2093
3362
7098
5814
7995
9069
5167
9812
5920
4347
6604
5731
6289
387
5102
8912
5368
9748
3846
7338
8844
2114
6252
822
1865
730
652
9618
9896
6052
8873
8064
7710
5003
7378
5394
5420
9156
1498
2499
683
3035
8902
8758
3903
2193
7746
1710
3407
2693
3280
3069
2549
7876
3891
722
7522
3840
6736
4756
417
2441
7637
4695
1406
6854
6058
2507
8061
4849
1231
6539
8246
6266
2595
9783
4656
8012
6459
8714
4476
3143
5473
9900
9823
6275
7888
7117
3571
2721
6655
9057
2651
5656
3363
5003
4067
6003
3780
3646
4133
9787
581
1674
3782
9423
8375
4643
7386
9385
4121
6097
7992
4559
221
8314
5857
612
8388
7698
5988
993
198
3594
4367
5215
3797
942
5622
7375
5012
2893
8419
177
2520
7852
6105
2826
2607
2142
8896
6317
7580
6394
2479
7306
6415
7497
6000
9195
9144
2843
7331
3480
128
7648
1202
8865
418
1524
9559
4436
673
1206
8516
8980
6089
1411
8386
1468
923
2023
8129
8780
9937
9098
1439
4105
2446
2024
5002
6725
7472
1853
3432
4706
5437
3289
1657
2885
8169
5497
2512
118
8980
7238
6215
5824
1019
7915
5332
831
8716
3378
3967
678
78
7829
1635
4433
9987
2528
1222
9781
3763
8714
3221
9443
9909
3813
2102
3026
4474
7684
9645
7486
5072
5043
9087
3231
8289
2120
7535
4076
4340
3612
1542
7379
9676
9293
7497
5516
2248
1182
3811
3825
8404
6149
8805
2188
2880
937
8905
2673
8623
2336
1411
5264
2664
2017
4512
9356
4239
195
6496
4213
5753
5286
1289
3143
1257
5872
8368
6895
3723
2611
6407
3735
5901
5467
9240
9839
8537
4147
7089
4652
464
9577
8300
4809
7152
9308
2481
7155
5198
1060
8885
3238
6475
8961
918
521
4733
112
3016
2726
4799
5734
7547
9565
9006
4853
5656
9019
518
4991
5037
7351
7888
3717
2265
6600
1114
3038
463
1487
5276
33
3119
3338
9662
9507
2466
6196
2895
1938
9595
7306
7329
8952
2835
8879
3102
7700
9363
9974
4757
627
9005
6958
6714
9743
7610
1651
8897
7799
4439
6616
6740
5706
6728
7452
4145
1655
7315
1208
7739
4096
5090
6842
7612
6633
7630
5851
8134
8670
535
5986
2915
6308
1557
9602
7975
5845
909
8851
8706
3037
3172
2696
2654
8142
7807
538
6892
9432
7453
8586
5468
724
3761
1614
3047
5720
5804
4755
9859
9657
6501
7628
7991
6526
978
2293
5809
5528
4655
6013
6734
8464
508
6279
6774
7933
4585
8710
1896
8898
5078
5026
4244
3881
1375
4755
3972
3028
2862
4502
684
4234
1068
2745
7913
3099
1542
6164
5863
9651
7146
4514
8446
5433
3481
1449
1795
5840
7825
1615
2438
9748
6773
6636
2078
62
1030
1506
2602
4522
1080
375
8884
4116
6840
61
8478
8442
2501
5768
5349
948
9267
8897
4229
902
7774
8017
3569
8859
8250
244
5642
5412
4275
5398
7108
5202
9933
3443
6125
4997
5924
5679
3925
4067
2200
7154
8897
4116
7417
981
3722
6300
2143
9747
2373
6258
9721
4284
975
4816
2729
5937
6158
4966
5093
845
6409
2322
9173
7188
9495
884
4391
7610
5605
2733
5193
6416
5584
7128
5769
7982
6816
1454
6843
8762
3978
9961
2736
9815
7137
314
3134
9556
4836
9721
4608
6611
5168
6301
8438
5699
9707
6679
8009
4438
1873
3366
8586
8424
1859
9384
4958
1851
5282
6051
5844
5369
5139
9026
2427
6354
7471
8841
4421
3271
8041
206
4918
5257
1504
3224
1058
1657
7213
3028
1226
1487
2660
8852
6529
9789
452
424
3823
7038
9990
5225
8795
1819
7536
3388
445
2826
2719
8667
8120
1105
6709
2574
2388
5014
7039
2368
3596
6841
4446
2826
2598
8493
2178
781
3732
2137
7916
8170
4824
8723
3918
3846
2181
9889
8934
4684
8316
2062
7103
3224
5239
975
4870
4864
5617
6014
4342
5535
8842
4394
4801
7851
6783
3419
4516
4023
2620
4890
3560
8795
5725
3620
1980
7435
278
4924
2558
4508
4560
3596
5040
7340
1961
806
8938
7912
1178
7063
8450
2027
4103
3081
6567
2533
6956
2442
9993
572
1669
1708
8504
8834
7436
7403
6385
330
7438
5748
5236
1746
9211
8026
8812
3496
2539
1724
8848
6932
3139
1753
576
1769
4822
1816
3218
4767
1317
4758
5779
6029
5257
2081
6313
8714
4213
8076
8259
2544
8686
4534
3471
5464
5625
62
2424
648
2094
7187
7135
935
4828
5434
8982
3704
9428
5804
4531
5796
6297
4971
7588
7252
8637
7456
853
5494
5745
567
2348
6055
9952
7734
7903
3121
5796
1259
6918
482
6632
3629
1975
2833
9350
1696
2745
177
6867
4005
5175
8191
5591
127
5067
4648
4857
7181
6842
8539
1774
4973
4518
4404
2324
2040
1159
447
1448
5458
646
3477
6593
4169
4704
1293
8599
4612
1046
5158
7051
7393
3663
3138
6694
8805
4291
9996
5367
9121
4107
1383
6022
5125
3494
7202
9183
2562
1564
8870
132
145
4619
1818
5525
7674
2946
2007
7858
650
5001
5652
5411
7462
1685
8055
6087
2510
7358
3402
8977
1364
1246
1031
3622
7017
6672
250
3110
4113
7525
9178
2144
5627
2279
2704
8678
2792
583
7678
2687
9624
8856
1205
6352
5563
9754
6839
4077
6244
5084
5791
9380
6356
10
5016
2599
6965
2827
8372
3686
5357
825
3439
8543
3316
3349
7362
2720
3331
7548
2690
6848
1026
6855
4736
8059
8614
8289
5439
510
3092
2607
7813
5777
47
3975
2145
492
1384
6648
1819
7787
6761
4210
220
5693
8354
3909
1407
686
2820
82
5276
2476
7751
7867
8208
7231
9247
8659
558
6941
1645
7252
6529
3759
4466
2777
6017
1522
7805
6436
1335
5249
4073
9728
8677
9663
5039
2214
7132
1248
6264
5257
2215
3248
1187
7070
7834
5343
2386
4513
2553
1616
3685
7015
3698
680
3164
7042
5386
5098
4415
5712
9637
4655
6041
7209
5133
5119
4632
2636
6741
8161
2552
6134
9947
1939
953
8769
5822
6218
3112
7571
9018
7836
481
2159
6985
3636
7645
7350
7666
1745
931
8939
6832
275
1516
4747
7045
8496
170
6917
7787
1592
8120
8550
9407
1016
6177
9930
9088
1340
1325
9202
4713
3857
6332
9793
723
2627
786
2713
861
1840
3856
6056
7649
694
4030
2251
141
3834
1992
6648
4105
5761
9452
7599
5615
4895
1101
9465
5820
4616
8986
8036
426
290
3157
1937
41
9195
1250
5785
1347
3873
6569
9448
4276
3116
8580
1185
911
3818
2344
7439
5014
9875
6462
6710
916
6249
7926
9579
9778
9722
3129
7576
3855
7464
2068
2026
4997
1072
8787
6722
8828
4767
254
7422
8537
1144
4508
5366
7208
983
578
3888
9970
821
2155
3647
7690
4068
615
5574
8775
5648
9457
1747
6578
6683
7561
4375
6007
5332
7456
582
4124
1484
1847
8084
7828
8171
4374
825
3365
179
7958
8533
4401
2003
4006
4081
4654
5587
5729
1253
7850
7289
1387
4497
1072
7460
6550
5857
8776
3221
6661
6962
6962
6231
4253
4273
2754
7439
2464
5025
8944
4888
964
1602
6246
8014
4665
8502
2868
956
7506
1745
2015
5972
7251
7426
1683
225
141
9245
5767
716
7770
1251
8698
6025
3643
6114
6530
8500
36
3161
9346
6480
3933
4410
6783
75
383
7641
766
4932
2436
9995
7094
3373
1814
4825
6018
4075
9297
5542
8034
9714
479
6938
2188
439
4670
6462
8655
9780
7670
1119
9150
9609
3937
6882
7977
4944
1675
7255
9101
2703
7433
907
4163
3231
7902
9726
6699
1019
8435
8206
9262
8991
7860
1205
4774
3114
8573
9803
4698
2860
904
9313
6890
5342
5633
801
5265
213
7808
7930
2335
1362
7793
462
5461
1134
3150
1686
9428
574
9545
5857
1303
1735
8206
4812
1352
526
1114
8232
4447
5574
2343
2856
3582
5117
4156
2728
5436
2321
9739
1585
503
6590
2587
392
1342
6385
8171
8341
8920
4027
926
6672
2395
8085
9030
6600
5374
7911
3336
1665
9727
6161
6884
6093
2737
1913
2378
5860
9354
9565
4095
922
9950
3384
2051
5826
2120
8627
3506
4053
5374
2783
496
9949
6366
3832
604
4394
5859
8668
1335
990
9640
6707
3843
3333
480
5774
833
2695
6831
6327
5609
4011
7982
1203
4548
7201
4429
885
306
3604
2941
7081
2482
5191
9198
7958
2786
8550
1836
4491
2625
930
6229
1592
380
5110
2325
6833
1820
9377
3529
902
3743
628
2171
7824
7263
9729
9826
4953
4712
8830
3166
8392
2727
7819
5997
5464
7041
5226
1082
5600
3651
